158
339
411
497
114
428
92
126
317
77
353
114
304
150
207
164
262
281
153
493
304
346
64
206
117
242
455
189
376
223
304
196
246
413
200
350
275
408
43
352
407
12
310
354
159
117
339
409
67
295
1
413
480
333
306
281
458
148
287
481
354
192
456
217
213
123
123
116
269
219
299
162
113
486
90
405
136
58
461
294
114
468
87
214
268
281
251
39
278
163
494
192
318
304
451
401
393
352
128
255
484
23
426
358
159
31
314
376
392
12
428
443
431
373
53
118
159
161
427
284
399
320
15
60
17
84
169
358
4
409
263
129
169
404
64
294
413
229
268
476
9
223
346
311
332
425
117
362
322
320
180
198
220
324
68
344
8
53
342
30
278
244
92
82
295
280
474
369
7
491
420
176
206
342
76
30
479
498
202
371
302
262
166
447
341
324
492
45
383
181
179
198
83
375
484
17
349
184
449
473
225
44
295
437
262
151
346
340
35
317
138
249
339
168
67
431
136
444
154
160
37
209
313
75
215
161
383
334
56
152
338
265
164
430
201
325
172
427
182
0
472
29
91
82
349
223
265
275
101
455
186
141
475
174
122
127
21
196
4
100
417
278
460
351
25
389
358
198
341
449
29
267
436
130
86
266
475
186
441
39
335
69
443
459
473
118
55
382
433
131
417
483
382
60
246
349
326
489
69
228
136
455
263
356
336
159
475
94
414
100
34
150
330
310
267
241
315
10
37
312
319
94
254
496
307
487
476
119
399
208
2
153
269
94
168
426
401
278
382
228
484
16
443
360
312
379
74
156
9
381
448
139
339
371
245
253
391
441
187
223
36
448
143
29
200
52
416
352
223
455
263
372
142
293
330
298
104
377
78
29
8
284
77
95
81
208
264
20
2
335
195
110
257
486
231
329
291
260
405
488
124
434
243
188
323
448
149
264
104
397
12
173
428
496
191
471
476
344
271
56
57
488
410
361
65
299
398
29
375
17
338
321
215
5
63
7
282
138
152
254
75
471
364
396
349
308
194
429
80
319
93
237
124
295
272
476
50
318
160
216
84
359
342
347
305
281
374
46
448
301
202
72
432
143
139
41
485
182
341
348
441
5
62
458
1
57
101
280
188
410
388
212
406
433
213
186
190
176
422
222
4
190
227
452
40
153
248
242
263
390
439
106
338
201
465
307
130
452
449
443
488
168
166
250
244
425
90
216
368
388
448
284
451
138
221
64
373
399
307
488
332
53
113
347
278
265
439
431
222
170
403
69
129
334
321
5
160
164
224
6
351
227
223
213
6
9
77
198
118
215
376
135
15
213
203
345
417
133
453
421
391
483
42
96
143
161
421
207
250
420
54
8
125
284
244
175
53
261
236
439
354
356
282
215
162
302
283
128
485
436
416
96
334
7
276
200
468
295
152
472
443
160
50
304
236
405
352
157
465
2
333
387
291
185
84
448
467
140
399
166
5
215
485
377
453
33
241
223
178
374
151
365
151
307
41
421
152
148
195
323
46
498
91
350
104
135
354
153
34
358
426
256
114
400
215
59
91
264
382
294
51
110
390
354
258
79
64
447
345
54
121
127
144
425
495
246
12
248
48
138
127
401
477
397
42
304
215
479
23
457
245
98
320
378
95
103
439
162
326
187
43
89
30
238
136
307
168
377
346
345
459
197
198
425
499
337
11
29
457
167
265
410
472
59
323
213
56
306
358
444
197
72
14
305
283
356
38
246
62
462
64
306
431
443
128
216
356
218
126
335
120
276
138
246
214
55
381
87
439
95
97
309
124
343
419
363
7
1
445
216
198
271
293
46
124
214
445
301
225
190
459
85
251
302
375
175
271
397
155
229
114
262
217
343
372
331
193
213
274
222
12
349
329
353
442
23
310
128
190
234
427
404
382
326
413
242
434
224
487
2
430
12
150
314
25
212
140
419
98
116
315
151
12
438
148
431
375
83
42
231
368
444
375
302
48
456
133
216
7
342
342
202
448
82
1
245
344
328
72
103
129
460
386
482
170
27
74
279
59
412
255
111
286
37
142
389
241
298
445
217
109
238
225
9
286
122
64
112
325
381
254
209
371
214
469
117
299
486
186
328
406
280
190
227
392
353
118
123
161
102
345
20
64
211
214
333
336
257
141
70
218
217
239
472
155
148
220
133
490
372
429
289
491
180
428
28
422
415
282
72
459
391
395
441
79
238
28
198
424
326
185
326
42
324
381
447
326
308
457
450
270
209
135
353
186
306
322
249
406
274
83
138
178
272
39
222
395
272
324
90
56
367
350
67
316
359
408
96
68
136
84
419
246
233
369
356
227
331
2
73
88
392
385
443
337
469
481
165
150
306
260
193
403
53
233
243
430
446
12
47
65
457
344
352
475
482
402
381
95
390
369
214
317
131
38
430
380
255
90
477
326
383
71
484
301
151
419
422
438
443
82
260
170
39
90
480
466
451
336
139
6
288
36
102
15
56
462
493
263
134
94
350
61
492
47
486
360
116
46
282
383
66
153
330
58
394
94
295
436
341
472
128
473
237
42
479
305
153
404
425
158
8
156
115
287
410
115
96
165
58
10
134
229
272
317
287
363
17
490
289
426
346
21
323
336
403
178
66
418
15
71
292
128
279
430
122
83
319
295
297
359
231
85
424
425
16
351
292
454
89
182
122
25
90
84
477
69
413
196
91
388
46
36
219
490
103
153
409
204
226
277
28
368
416
387
264
237
285
269
458
242
419
137
208
257
424
134
5
206
74
194
147
438
170
35
160
2
254
237
389
129
239
310
381
311
168
154
344
161
203
90
181
301
447
403
209
199
273
52
485
474
389
210
177
122
326
38
44
441
291
407
56
201
107
496
243
422
245
265
156
106
207
462
129
335
137
444
98
237
238
380
237
376
273
429
323
494
190
101
400
477
366
147
13
318
209
32
418
143
307
407
101
387
40
12
129
150
98
217
472
464
138
377
383
42
274
264
453
70
207
47
435
142
24
167
300
350
472
380
169
447
488
184
264
37
305
122
280
195
393
105
406
216
305
160
275
453
424
251
86
274
260
115
340
323
323
162
479
83
187
280
463
484
359
400
493
220
85
289
110
335
438
144
139
396
443
398
366
420
176
468
374
166
246
92
466
110
377
451
408
473
283
264
151
385
323
370
73
150
199
128
362
357
198
171
376
225
177
383
222
472
44
428
488
353
415
11
469
486
147
476
86
242
50
411
405
20
369
466
171
371
464
80
32
110
322
423
314
56
378
491
4
289
226
417
351
400
185
206
298
228
456
299
453
456
222
332
148
494
441
313
98
334
65
71
161
170
189
472
205
24
234
261
36
210
256
178
420
204
61
486
334
18
208
278
244
72
217
163
98
248
13
226
42
356
239
311
167
346
330
136
52
164
183
321
86
86
247
15
450
62
116
120
221
176
26
23
482
124
208
186
103
125
219
390
372
425
393
353
464
428
225
168
380
96
19
90
307
437
454
316
236
458
43
238
438
118
155
252
3
41
24
112
2
1
301
210
454
345
325
144
97
131
146
188
159
98
23
217
163
479
129
22
129
433
376
1
328
201
35
249
157
308
22
190
64
490
203
148
116
296
160
286
332
267
76
85
336
476
106
325
224
23
107
73
248
16
349
66
387
273
154
380
388
274
282
163
354
95
493
21
282
219
109
113
199
438
218
270
235
163
202
96
364
447
377
248
340
427
172
13
346
62
118
228
293
123
338
162
121
488
473
70
204
64
70
171
213
128
98
463
295
432
490
327
42
89
118
492
246
327
326
429
410
222
342
204
113
136
306
426
348
114
318
367
148
346
357
19
101
274
487
165
468
154
161
193
255
177
480
102
419
461
419
240
100
102
109
2
179
254
230
266
246
182
494
36
267
455
282
300
496
273
486
274
144
59
98
493
167
445
190
17
319
225
135
64
19
5
470
355
444
96
467
0
43
312
358
41
52
202
349
377
264
238
216
96
79
135
130
385
178
40
66
414
398
299
80
466
304
461
417
60
259
367
64
131
317
461
204
208
48
205
118
157
379
458
286
366
292
374
241
440
327
59
342
269
383
474
266
155
74
35
245
281
379
152
18
17
160
492
428
23
78
384
494
212
130
431
488
420
207
311
340
92
358
187
227
188
253
491
339
492
464
326
88
88
212
417
266
51
38
217
358
84
307
459
377
115
456
255
27
227
60
281
300
16
50
98
35
329
424
321
328
99
399
462
485
474
186
127
193
313
180
309
287
239
408
32
334
154
313
400
42
379
360
97
126
411
424
1
86
191
316
318
96
67
272
362
480
279
261
29
387
333
171
294
188
246
113
11
232
126
142
112
458
462
234
335
64
218
284
201
228
26
1
202
110
234
3
302
360
126
427
37
72
91
29
97
450
11
461
24
165
294
33
103
16
77
498
232
220
489
387
98
309
143
4
225
273
38
96
408
33
60
63
313
305
425
380
110
247
39
217
32
35
307
278
445
317
320
249
319
204
192
255
456
284
340
232
54
230
331
243
391
261
475
321
284
271
184
492
472
52
318
243
331
367
378
91
232
429
444
260
342
490
75
456
347
371
250
57
481
194
0
215
55
321
196
125
164
168
364
494
322
38
108
423
26
179
332
244
408
221
213
310
178
331
323
154
390
310
498
202
227
374
349
459
165
369
416
318
204
453
5
89
346
117
151
409
257
53
293
168
408
49
55
203
430
276
137
368
87
326
135
30
440
141
297
146
462
109
184
109
346
467
147
37
466
365
7
421
126
22
328
453
125
390
495
345
206
412
440
362
423
405
85
171
254
74
395
254
490
204
20
468
169
151
268
136
230
391
162
266
206
312
42
82
139
212
482
19
221
7
17
460
241
363
445
486
60
111
340
216
477
144
43
209
251
180
296
294
310
188
41
421
225
377
453
421
216
251
304
164
69
389
61
26
46
478
140
42
461
172
320
371
218
420
0
242
86
176
37
384
307
29
132
6
65
293
428
270
165
17
230
217
250
178
163
273
441
179
269
55
147
201
461
127
486
261
268
236
416
398
97
382
432
133
123
382
360
477
132
493
381
179
130
198
474
479
157
45
193
42
313
204
461
106
259
84
44
32
146
164
197
231
424
461
95
25
406
328
32
241
300
224
272
126
38
364
401
381
264
246
118
232
42
427
89
403
353
460
463
209
255
188
6
131
146
340
123
98
266
66
175
97
469
297
384
249
31
409
403
11
163
39
175
28
286
458
358
250
16
231
181
444
212
1
178
33
499
235
218
102
222
487
382
197
328
370
159
338
66
282
496
489
173
166
393
235
233
262
51
220
135
228
299
434
416
184
148
454
401
187
22
377
189
207
111
402
103
248
483
358
284
452
143
10
125
6
259
107
350
198
64
235
175
153
386
232
17
448
42
116
118
289
304
69
336
455
226
75
70
481
265
147
372
320
299
406
256
480
411
494
426
110
294
402
101
255
451
37
397
40
247
307
118
89
70
188
313
154
79
187
243
119
320
95
275
8
58
274
267
277
477
157
77
87
335
218
493
433
100
342
68
412
174
361
418
356
386
15
247
137
60
45
205
331
434
124
119
317
242
120
321
463
192
259
367
393
346
405
65
3
100
176
142
308
172
279
252
382
202
432
400
252
173
132
154
127
140
210
140
334
83
491
18
24
204
54
409
162
252
265
210
419
169
452
256
213
220
309
129
487
4
46
111
267
232
350
311
334
100
338
311
417
372
451
63
423
150
372
271
220
308
228
84
26
236
360
20
388
305
275
331
217
65
14
37
347
387
260
321
404
293
278
132
204
267
52
381
456
404
198
495
373
238
121
66
430
210
258
411
266
290
166
399
371
48
108
252
173
276
140
295
369
313
284
423
413
418
272
211
266
7
83
410
43
164
163
447
105
454
295
168
82
138
23
156
468
268
48
369
309
62
455
119
153
126
146
393
86
427
383
127
156
361
432
124
115
162
253
391
496
449
331
52
72
452
182
129
260
357
35
317
26
261
80
250
198
292
347
486
385
178
348
358
240
401
143
48
357
13
306
207
85
437
172
169
460
276
281
319
91
90
480
424
447
106
325
474
375
453
321
400
32
78
7
188
10
111
268
259
356
487
439
55
178
31
475
138
482
316
199
41
162
266
74
120
390
265
2
419
437
294
364
142
194
377
99
304
420
274
140
298
346
241
485
416
299
418
163
76
39
376
380
314
209
43
1
275
285
112
364
228
269
28
255
483
381
327
391
212
352
75
391
397
362
215
103
222
135
186
224
328
159
95
12
361
249
368
40
96
314
77
200
146
396
395
423
452
37
119
424
318
224
418
114
426
419
481
176
134
376
252
248
222
233
237
120
454
319
309
78
328
53
450
419
98
447
39
71
139
299
443
316
459
52
312
345
446
8
479
108
40
199
36
180
436
173
107
329
399
200
359
402
228
106
441
370
24
143
217
332
419
360
236
262
323
482
36
253
358
342
333
417
424
222
45
354
57
328
151
152
444
27
21
106
478
181
352
472
450
416
30
309
226
361
182
382
350
346
212
388
268
119
147
26
187
89
257
321
371
330
206
218
160
450
329
238
306
393
51
85
427
139
296
17
254
429
259
121
69
184
469
382
49
289
337
49
220
302
400
35
486
268
491
61
141
300
12
386
402
266
173
242
357
216
151
409
92
385
9
242
245
438
117
435
143
169
282
253
246
393
486
457
183
287
199
469
346
212
308
201
479
71
141
369
111
415
273
82
276
239
125
329
154
466
130
159
487
239
241
382
199
155
33
274
37
395
441
348
98
333
258
162
475
274
379
57
401
184
445
30
476
194
141
18
213
54
111
79
158
404
277
365
368
369
350
145
83
5
228
344
344
4
366
202
82
40
285
110
137
361
119
273
324
8
102
70
329
374
252
436
313
488
487
15
55
477
299
287
254
421
353
407
98
246
498
414
373
418
131
352
399
297
326
334
67
216
296
249
316
472
191
239
476
488
420
379
117
316
451
94
273
221
398
185
398
312
478
396
461
484
423
106
62
75
27
396
271
110
394
424
125
269
120
203
37
454
172
402
385
143
341
76
327
456
351
145
407
75
317
271
269
480
282
434
388
445
243
483
247
246
264
145
468
249
285
157
324
337
380
191
347
4
317
262
202
478
436
286
292
233
262
225
237
369
380
306
132
182
481
109
419
136
403
170
493
454
142
100
78
230
65
249
362
284
293
13
451
385
317
339
262
478
443
451
166
138
429
14
132
363
125
326
264
391
324
348
282
378
254
75
309
372
211
257
267
93
54
162
194
457
220
460
40
423
221
224
7
41
86
266
410
302
219
492
413
492
41
61
108
240
199
66
350
332
440
408
240
197
121
207
115
441
201
90
45
449
206
281
112
475
446
274
461
47
228
417
432
29
185
93
163
156
209
351
210
11
359
148
477
495
81
154
250
13
291
197
327
58
139
470
475
20
87
118
217
25
375
173
230
258
68
194
90
305
375
89
293
441
200
395
253
197
366
428
111
228
32
446
454
421
257
141
41
485
247
90
120
347
84
289
397
87
245
298
306
159
51
408
295
464
314
263
86
234
496
171
499
90
97
299
219
496
294
205
284
452
264
15
254
344
244
496
419
57
308
145
163
373
214
231
388
490
348
43
367
179
163
414
137
424
9
90
318
331
457
10
167
452
407
419
331
346
252
233
422
379
97
133
340
110
384
69
75
308
436
133
61
286
410
446
232
212
264
477
291
409
95
7
221
207
388
479
154
381
21
167
66
305
88
371
149
284
73
223
75
358
204
32
330
38
70
412
152
184
242
59
160
114
466
440
55
483
393
450
160
282
404
142
57
187
128
290
139
158
97
348
387
93
382
25
469
368
260
476
458
31
55
159
423
151
423
239
71
335
203
95
336
147
350
145
499
227
490
159
302
397
316
462
477
224
342
491
223
355
127
464
188
431
460
324
219
354
336
212
299
428
302
322
145
152
406
461
237
440
493
149
155
489
206
354
322
328
153
374
410
385
337
350
236
238
418
70
125
238
273
378
303
207
50
418
159
95
54
121
469
427
403
489
394
429
64
451
71
107
55
420
427
8
434
89
5
260
110
462
318
386
99
138
388
107
99
404
307
180
118
205
182
189
93
346
286
44
115
388
227
201
220
369
316
171
402
32
365
445
244
234
465
168
279
201
461
169
273
151
249
334
319
167
111
11
281
150
3
464
160
115
395
440
174
231
22
119
107
343
467
112
24
81
294
356
341
156
121
125
291
124
46
141
227
255
110
313
246
490
214
468
356
30
223
403
241
395
345
45
329
448
64
473
94
483
393
297
30
454
276
472
333
400
201
499
30
288
385
23
339
321
65
363
203
250
84
305
269
194
368
395
318
169
438
240
8
104
416
200
372
375
98
279
208
464
82
431
326
436
496
430
135
180
434
495
486
344
354
70
188
191
419
181
87
242
387
196
384
190
143
320
128
69
13
450
244
279
366
85
449
129
37
89
35
351
156
75
373
32
230
109
148
70
444
14
150
373
60
462
385
272
351
488
376
430
282
330
127
99
189
387
316
135
78
245
430
199
464
369
275
39
24
213
49
16
384
105
111
347
360
136
488
235
154
300
294
450
351
459
155
365
499
460
167
436
338
192
367
28
154
129
441
22
349
266
79
17
273
276
66
35
497
243
415
239
266
207
248
447
258
350
135
157
76
485
174
69
389
170
151
276
402
272
224
91
156
2
169
460
154
267
29
2
227
263
270
482
63
18
136
177
8
72
99
112
253
389
394
451
218
199
288
359
335
249
208
368
230
180
254
458
290
370
360
26
53
357
359
359
226
372
293
90
427
70
373
216
400
333
373
15
297
303
124
107
170
359
397
496
96
4
206
348
201
483
275
419
45
458
179
456
386
348
314
225
269
273
305
15
486
411
29
439
195
55
98
323
462
61
120
497
423
320
31
226
108
354
130
53
318
360
358
386
75
117
378
487
394
276
99
292
437
242
217
31
161
53
302
323
98
246
115
20
264
461
121
365
224
360
398
7
254
69
18
432
262
89
437
339
321
145
441
365
405
6
468
157
226
126
38
278
221
5
349
11
259
62
42
235
440
370
370
222
440
137
237
155
439
20
1
491
49
490
174
274
248
8
68
291
111
118
161
469
215
271
201
311
362
72
237
2
78
392
296
271
475
290
181
128
15
158
201
364
171
243
99
315
84
305
474
352
97
330
316
314
134
296
406
212
120
83
375
482
160
241
190
6
438
122
254
358
438
102
387
334
308
327
150
87
237
473
20
475
237
372
432
490
248
11
158
196
12
141
434
159
113
27
375
419
58
358
109
453
225
93
184
328
141
117
39
96
57
353
233
196
105
137
249
399
198
99
328
465
244
50
119
151
175
260
237
183
162
465
388
360
411
178
307
109
229
252
137
39
55
475
75
423
61
5
429
90
320
322
446
115
180
279
126
344
69
14
194
294
246
128
249
404
481
87
377
51
472
284
187
61
415
428
6
162
297
266
270
279
332
171
138
353
281
329
185
125
319
452
380
462
215
452
269
258
447
183
209
267
407
464
105
496
197
453
318
358
353
98
430
172
419
36
452
222
234
112
49
479
433
188
345
2
117
334
155
140
18
221
250
426
436
254
217
320
383
454
373
298
251
307
337
461
39
396
475
231
420
164
177
48
263
151
218
299
497
357
476
390
348
387
62
432
375
171
343
118
298
96
281
361
185
264
70
73
438
386
314
150
215
422
125
148
224
373
477
443
295
400
303
99
46
395
0
134
243
93
414
452
210
256
338
161
54
200
347
229
25
415
449
109
218
485
129
163
372
424
88
430
61
311
299
63
447
367
359
453
152
26
264
430
181
74
212
239
245
196
432
305
57
178
450
157
448
414
81
408
487
343
324
295
131
16
376
97
255
21
298
403
392
302
403
66
278
182
44
430
238
337
229
225
334
224
330
161
474
423
296
307
487
326
414
476
421
447
122
125
217
312
355
375
350
224
260
273
4
338
93
354
30
294
197
407
117
431
475
57
125
14
483
133
172
179
326
387
454
48
146
52
471
223
443
319
54
78
415
197
114
429
28
108
283
198
232
179
497
23
164
442
113
37
47
481
267
133
426
209
491
478
320
387
85
279
337
178
458
478
355
423
415
351
350
155
398
486
42
222
65
404
102
449
113
132
349
384
111
159
461
95
187
340
258
102
108
376
418
387
312
203
370
240
182
52
330
375
257
4
67
252
268
30
269
6
255
229
185
260
2
380
146
20
282
127
253
473
367
305
161
96
330
402
24
437
143
151
10
90
100
64
183
115
273
292
460
43
483
220
466
214
147
139
452
41
372
328
205
103
381
454
401
296
488
22
155
79
308
46
329
30
77
244
384
180
461
105
220
163
459
411
384
284
252
15
310
88
370
36
89
211
95
165
415
453
414
139
251
383
270
141
192
51
334
199
113
88
323
26
351
9
428
357
90
240
411
336
144
472
459
107
437
330
486
478
84
269
442
49
116
485
333
429
61
266
314
21
45
385
288
435
493
278
258
71
78
345
235
19
280
496
205
274
252
184
462
129
450
173
155
492
407
417
91
369
81
449
269
148
324
355
375
352
435
18
66
422
450
365
441
206
499
459
284
333
412
344
157
220
45
448
327
433
482
74
65
207
323
367
358
451
449
144
413
246
258
182
1
363
100
453
263
493
260
258
496
316
429
211
433
361
10
97
428
456
315
188
418
117
330
253
143
437
401
39
288
57
333
64
348
392
23
363
89
173
265
279
126
103
96
140
393
202
192
143
57
261
179
435
51
279
199
210
304
410
445
371
403
243
217
132
31
127
274
299
253
162
15
310
225
27
167
47
275
459
446
200
401
272
66
81
471
454
146
379
488
330
167
143
61
195
437
253
456
386
96
98
433
145
53
186
118
137
498
357
287
343
431
256
493
437
379
264
218
20
372
357
219
188
302
192
418
218
24
437
478
277
261
263
40
141
341
123
210
217
291
407
123
182
179
114
220
137
303
109
300
172
252
327
407
484
181
411
112
70
413
261
262
498
132
374
219
385
497
475
40
148
402
341
132
279
432
49
26
482
17
471
324
188
128
1
340
327
213
200
366
129
20
489
419
415
428
225
365
13
197
125
203
44
291
235
11
132
237
197
186
355
392
467
252
197
38
294
424
192
450
34
466
438
247
209
194
313
316
383
279
29
265
118
478
66
484
360
202
174
487
312
319
241
437
305
289
45
65
265
397
224
185
82
446
407
427
307
248
14
322
387
275
482
262
250
450
443
173
498
219
284
361
101
300
399
70
301
198
74
292
157
184
57
205
17
209
393
234
311
60
237
290
459
324
21
424
158
36
419
488
96
88
434
288
72
252
254
172
456
180
415
66
285
470
157
294
327
223
267
360
256
50
309
196
7
32
285
102
255
56
364
487
376
55
59
373
430
148
222
311
453
457
414
90
236
23
493
222
310
328
230
18
20
235
415
433
313
108
129
143
477
22
395
3
370
450
142
26
373
278
209
103
484
372
250
162
126
431
58
27
81
281
417
473
241
258
164
461
335
375
356
453
29
312
268
62
76
82
278
356
42
105
14
392
292
401
155
35
317
21
162
483
366
359
283
266
334
433
95
55
5
390
194
292
403
453
182
155
198
73
344
321
157
193
130
343
148
293
164
227
370
365
247
41
131
358
45
324
458
439
9
224
248
231
131
295
491
310
443
234
450
352
105
139
160
204
426
62
89
223
409
442
447
413
440
204
166
231
367
394
258
349
241
219
270
485
89
364
81
202
87
235
397
21
125
177
291
112
463
146
447
130
22
83
312
318
80
290
337
175
121
81
67
442
159
98
120
87
244
272
481
454
441
368
223
479
365
426
146
474
351
78
298
498
398
368
260
412
391
293
376
218
457
317
14
23
109
252
412
170
449
434
258
176
349
191
119
482
412
124
497
479
397
388
364
250
86
104
29
83
465
233
70
138
67
473
135
286
401
186
334
383
389
185
211
19
25
385
313
320
396
56
228
233
48
477
163
239
235
374
19
117
147
281
387
416
483
367
10
187
10
444
76
491
74
333
48
281
32
309
398
85
260
13
492
11
433
37
286
214
317
38
90
12
320
239
176
209
65
241
209
471
330
325
156
466
162
357
130
209
180
4
432
54
178
241
101
456
68
16
197
231
280
487
477
155
107
334
480
99
196
142
402
366
290
411
259
73
104
480
12
198
296
89
190
136
193
132
4
126
450
24
270
70
2
72
180
318
123
275
229
162
197
319
219
373
332
377
242
455
116
478
213
114
323
271
483
294
268
213
494
104
354
95
92
257
85
291
288
431
113
445
85
274
357
57
455
433
14
99
346
160
415
238
350
0
312
4
56
320
181
115
285
118
485
117
467
193
294
487
333
270
54
439
436
324
347
303
88
309
235
152
345
169
169
391
432
4
142
16
351
492
438
169
276
315
69
419
445
436
477
469
165
140
471
370
280
133
432
253
79
185
244
146
108
212
153
52
409
329
413
248
55
89
50
144
199
381
79
458
465
416
198
379
163
332
114
306
336
348
65
159
264
3
74
465
326
41
124
28
133
485
77
195
436
334
201
376
452
240
444
80
185
480
316
106
323
205
313
375
414
118
486
464
219
324
199
132
135
332
182
133
315
86
484
433
216
76
274
327
440
250
297
134
17
446
109
415
127
375
139
263
98
162
485
127
408
283
350
388
368
404
256
342
161
418
351
480
158
354
112
424
253
5
208
359
223
182
258
259
54
34
217
347
392
412
119
355
59
414
267
499
200
80
110
232
182
241
106
187
58
221
2
450
303
364
107
349
238
174
228
329
371
464
180
115
150
258
91
52
118
442
12
113
271
210
147
73
67
315
323
40
210
352
310
367
111
403
280
311
103
146
216
117
242
372
431
370
250
219
8
406
100
401
365
64
477
119
120
428
364
411
490
83
151
159
111
470
249
43
364
270
90
80
147
195
136
484
145
345
335
440
159
266
142
252
89
242
131
319
476
166
94
190
234
287
40
67
81
141
353
98
448
203
246
496
74
266
170
350
83
202
53
443
122
163
303
146
76
171
25
7
81
19
479
346
26
459
345
370
230
290
283
491
494
489
266
219
487
461
37
92
245
420
224
75
338
119
450
305
250
422
353
287
402
122
364
145
124
343
467
321
388
196
214
479
340
305
5
432
484
82
126
1
163
324
411
308
145
35
238
53
269
75
499
415
5
266
17
356
387
396
453
207
353
153
366
337
124
247
322
248
336
89
250
452
386
245
238
270
343
453
117
391
147
54
328
430
63
243
312
245
131
139
329
391
277
310
38
417
48
450
154
423
424
487
179
428
245
320
78
143
213
411
284
470
392
404
472
348
390
81
486
143
381
224
238
475
298
333
413
429
1
336
90
286
166
287
79
86
272
86
384
395
366
365
435
202
87
330
377
49
499
449
309
290
249
306
90
433
164
203
489
253
97
385
341
411
247
493
366
357
15
245
30
304
250
10
95
347
63
123
266
172
313
50
302
213
297
445
82
63
442
427
18
393
18
64
385
370
276
439
57
208
121
82
439
281
272
204
222
101
94
478
45
215
404
223
170
219
114
237
285
214
220
234
121
327
52
31
371
425
261
10
84
239
91
442
28
108
219
150
29
241
338
275
432
486
42
330
316
192
141
401
383
329
485
423
228
219
311
307
156
129
337
413
290
71
425
118
177
238
309
190
334
318
238
151
175
193
283
281
319
370
477
491
82
299
285
406
32
424
173
390
315
45
117
19
377
52
51
196
280
70
235
335
432
293
6
284
294
232
376
153
249
482
422
132
362
373
143
1
482
64
457
71
127
127
237
89
359
365
184
235
482
462
157
352
68
485
156
333
94
116
200
477
486
367
463
467
380
235
321
358
311
275
324
77
147
409
255
376
418
394
115
133
392
120
151
394
428
279
106
225
180
85
117
139
163
415
181
432
494
383
115
70
299
43
410
236
108
253
440
449
434
118
472
294
331
374
236
336
457
226
245
83
301
103
371
278
269
361
248
293
241
46
181
368
157
112
465
449
296
280
325
115
293
156
257
416
332
183
411
363
337
472
173
188
271
136
378
376
35
37
212
147
194
451
95
24
247
290
317
204
88
234
414
452
428
490
445
373
1
15
465
460
80
277
397
454
306
399
406
135
137
397
119
443
446
107
302
100
492
220
9
27
207
277
399
283
5
392
97
424
258
109
232
177
202
346
408
195
214
86
105
56
89
141
338
25
478
287
31
401
317
154
462
372
173
384
392
170
34
206
361
496
397
170
32
65
152
241
212
402
145
325
314
430
203
214
215
10
84
269
326
466
174
5
368
339
355
269
314
232
445
78
390
63
96
377
355
185
226
361
57
303
458
493
256
211
234
93
473
232
207
328
52
119
358
214
71
157
132
473
1
62
360
310
99
477
155
405
82
415
117
178
119
247
260
329
292
341
119
469
357
341
182
55
304
50
216
400
375
352
460
289
443
178
351
355
12
192
252
180
278
191
96
117
433
372
87
497
391
365
246
352
332
477
14
100
114
477
345
81
319
240
365
427
376
428
414
204
203
217
265
463
85
137
183
271
266
325
259
197
97
40
95
325
134
203
175
2
232
287
254
477
241
179
419
177
488
488
242
109
298
475
114
73
442
195
280
126
337
51
112
386
132
483
34
429
28
329
49
462
430
82
40
137
450
231
479
200
283
497
265
424
155
7
468
11
0
301
364
14
331
471
266
171
213
455
418
80
150
119
180
349
260
238
62
170
355
174
121
268
76
243
492
364
355
373
81
20
247
196
401
227
451
489
314
219
353
376
154
250
163
187
318
99
79
181
366
455
210
254
139
153
310
131
380
84
335
295
1
399
225
344
359
115
237
30
221
118
212
360
25
456
310
74
202
380
439
460
50
328
428
421
467
494
287
311
252
323
438
81
433
283
184
309
262
39
452
224
451
492
388
344
262
245
485
249
199
416
265
255
26
108
250
176
155
411
202
263
41
65
221
250
8
174
369
426
361
366
402
178
97
32
14
15
50
254
446
270
80
192
281
484
453
270
60
439
438
193
27
261
133
197
97
200
197
457
454
164
9
243
1
372
408
113
175
296
367
26
208
471
57
288
217
132
42
341
114
200
140
223
180
191
103
26
344
225
39
351
495
391
99
33
82
216
29
434
54
459
84
99
56
484
453
257
450
418
115
471
271
414
259
294
30
351
285
26
477
200
294
171
166
150
320
282
56
250
275
453
281
172
452
61
121
409
362
200
289
72
401
371
62
293
393
251
152
443
177
62
438
286
122
25
355
184
386
253
40
334
141
94
445
369
170
247
267
470
197
86
482
260
13
180
309
29
406
366
66
221
119
87
457
127
88
125
258
466
38
474
186
35
395
159
496
61
354
319
316
372
395
421
273
42
339
141
8
494
274
457
358
384
171
155
132
78
336
353
267
421
417
430
120
115
258
163
230
345
481
204
82
178
318
346
379
57
245
154
193
353
125
235
59
62
99
69
354
463
160
161
349
400
328
411
381
7
8
84
456
390
4
183
318
188
222
153
497
473
333
460
482
388
285
165
259
468
363
333
114
58
340
325
380
270
30
209
216
74
457
30
96
190
82
410
270
88
357
332
240
131
53
456
101
141
259
176
385
0
437
281
310
41
60
327
144
374
230
101
401
281
220
127
326
494
97
307
167
342
20
443
47
31
122
191
322
454
92
215
277
175
493
298
184
51
117
310
314
91
118
143
52
61
333
295
86
325
333
378
425
419
157
149
33
408
423
290
335
477
428
314
188
111
261
437
271
359
247
147
203
220
312
75
274
357
256
153
467
193
250
147
413
428
75
122
158
413
399
250
215
137
58
296
45
98
18
262
19
171
388
479
313
486
42
95
453
314
428
369
111
213
323
481
427
277
376
4
33
496
479
417
178
236
249
298
112
12
27
57
356
315
457
492
52
494
209
112
39
156
464
459
241
90
46
90
118
271
80
339
408
77
155
203
5
370
255
413
79
190
310
280
389
52
18
24
323
499
205
209
481
7
301
39
496
254
186
420
340
419
136
465
212
228
73
160
449
315
178
417
401
381
147
138
220
11
354
50
372
122
205
84
224
341
411
159
491
270
178
436
265
148
204
75
145
143
78
411
30
358
123
85
365
441
31
146
206
376
416
91
55
418
112
409
88
84
181
5
375
82
82
339
207
420
395
163
104
336
406
376
77
114
402
494
116
115
242
72
50
38
117
1
63
217
255
212
173
152
290
334
130
420
340
38
282
126
378
72
63
87
300
340
33
193
195
75
121
26
351
191
259
420
321
348
351
379
417
86
338
480
304
77
394
442
146
418
218
450
160
461
19
176
441
58
111
468
144
332
439
127
490
34
403
333
116
364
248
449
91
140
396
379
110
199
0
95
298
350
121
496
415
295
34
154
91
189
40
383
87
459
365
71
378
229
135
167
142
144
310
270
66
276
494
436
428
303
252
140
22
221
466
220
43
313
406
294
437
261
163
71
285
302
103
34
46
136
104
223
368
474
99
395
14
472
314
334
354
75
307
338
211
37
239
262
230
150
380
283
448
202
163
224
341
371
392
308
97
179
134
16
118
417
335
101
132
85
304
265
206
299
10
76
283
231
306
422
186
470
369
193
477
156
31
194
93
258
293
296
201
284
160
494
183
3
309
339
225
36
41
317
288
168
432
111
372
252
12
367
343
229
251
196
164
457
18
254
14
191
204
149
197
490
234
74
172
4
227
30
11
448
24
273
262
263
75
409
350
45
68
298
54
234
413
347
370
281
496
350
321
269
409
116
454
122
236
114
137
77
73
140
268
77
366
237
245
324
194
237
159
24
178
389
442
376
469
71
66
471
444
472
465
296
265
334
203
365
420
463
75
188
498
111
72
466
338
382
51
451
430
117
325
470
355
78
7
306
291
198
303
262
415
205
414
71
150
273
161
482
364
215
406
269
48
453
250
431
371
168
490
167
190
117
2
495
270
73
365
238
131
21
121
1
352
279
487
297
71
186
283
11
120
16
387
229
215
372
453
102
362
207
46
414
263
141
438
197
212
373
239
299
4
289
388
345
6
114
297
207
150
499
157
378
374
144
494
289
76
186
273
358
130
443
449
74
192
489
180
310
200
58
323
285
159
246
9
101
186
42
332
300
433
267
437
478
163
41
204
410
374
361
215
200
139
440
52
378
472
376
228
404
478
346
231
165
361
51
400
287
107
166
274
233
480
289
422
152
256
418
275
106
430
220
97
495
127
234
5
395
2
304
172
352
363
192
115
300
145
48
297
248
57
404
469
485
199
320
186
108
362
304
471
349
479
191
94
297
381
132
252
6
50
27
64
72
496
484
183
347
14
323
258
85
371
96
219
466
126
469
152
304
75
19
342
192
149
100
257
160
489
74
9
69
114
310
152
292
473
476
439
175
108
59
68
229
461
134
30
315
467
47
137
487
79
380
204
365
254
9
222
445
49
79
259
464
40
283
284
159
462
252
47
95
280
33
424
346
11
71
111
471
320
60
448
34
88
372
168
463
426
91
444
82
294
276
381
277
60
416
476
306
271
223
29
176
352
94
103
68
380
420
170
63
358
453
149
14
14
242
292
401
285
73
291
140
435
384
46
155
84
226
495
41
391
192
286
27
310
92
457
240
22
494
31
343
256
24
428
343
476
149
456
263
110
364
464
423
361
492
129
139
363
453
452
450
399
295
189
15
93
218
450
141
459
370
319
213
188
42
329
139
110
11
147
314
233
389
456
445
212
277
444
373
466
369
146
294
38
403
337
330
180
393
278
109
386
198
275
153
328
298
195
48
279
145
330
220
476
409
271
327
15
39
223
432
1
39
159
182
353
478
2
399
76
76
210
468
74
175
460
352
274
206
499
9
280
330
52
416
180
219
296
37
192
330
482
105
357
18
227
384
229
4
328
171
152
362
175
380
375
368
26
5
168
123
136
362
258
7
223
366
495
118
336
126
172
272
195
255
48
254
151
350
31
245
138
341
120
479
380
96
487
303
463
456
399
393
408
156
33
55
222
362
386
392
222
117
19
406
271
464
308
277
11
17
360
416
468
264
98
303
497
477
446
168
96
88
103
51
392
240
13
234
458
134
433
274
51
41
323
425
154
437
254
279
456
119
350
187
360
388
213
159
35
413
470
424
361
134
15
200
11
226
323
272
134
211
247
433
225
62
28
331
242
401
136
444
476
252
347
443
264
146
439
130
17
421
157
235
88
363
199
379
420
249
468
371
247
463
479
250
90
1
50
467
183
291
399
9
107
175
180
144
22
230
394
45
173
67
341
313
159
196
156
369
460
191
88
377
87
128
292
31
101
422
200
87
347
165
361
491
84
77
344
144
338
273
446
55
53
420
283
181
160
351
452
427
430
302
242
23
431
377
364
302
231
458
452
98
327
80
329
111
300
394
408
166
300
122
122
108
12
106
463
379
445
449
455
274
54
375
173
289
233
159
272
214
495
97
335
8
224
486
54
88
357
430
484
423
309
343
364
428
341
292
432
410
442
67
6
271
44
8
477
322
326
448
237
135
340
175
205
75
282
271
457
364
351
235
231
204
429
212
300
144
161
425
434
479
113
218
27
41
486
67
449
67
181
236
317
288
192
71
427
95
89
474
427
393
35
66
327
1
81
130
459
107
192
83
12
117
379
337
489
104
458
417
254
192
69
428
263
102
88
403
362
191
277
488
386
74
411
403
480
253
475
52
225
430
210
491
250
316
17
42
359
164
394
446
61
462
0
447
387
395
239
392
410
37
452
31
314
23
415
61
25
121
377
259
89
327
173
470
253
327
393
334
215
173
279
407
458
343
79
485
61
386
36
330
309
228
485
237
203
290
345
349
333
378
60
23
283
374
8
439
300
232
338
243
161
456
208
233
342
427
161
198
367
192
2
381
400
228
48
96
436
481
28
164
152
244
114
343
450
337
328
385
191
212
118
450
454
183
431
314
112
170
211
85
468
68
457
199
66
138
117
199
353
37
391
497
243
44
383
466
48
84
347
234
48
56
475
248
94
412
137
212
43
492
111
80
430
337
285
483
413
289
461
278
208
25
482
406
8
243
416
145
115
7
439
135
292
433
488
307
429
282
296
187
292
243
89
437
212
208
258
468
163
32
271
351
15
483
142
340
130
118
353
137
135
163
470
474
330
425
48
361
303
251
352
109
56
71
383
276
383
214
25
195
44
123
103
242
306
412
209
374
323
294
29
455
141
405
436
374
346
315
235
79
422
312
134
426
367
499
156
190
212
449
53
56
111
261
239
261
134
298
389
385
120
467
195
323
227
486
150
443
471
31
456
366
326
483
286
396
163
13
34
344
380
118
22
416
90
150
414
176
34
339
458
78
77
123
39
350
106
56
158
242
393
231
105
97
204
384
258
337
67
468
320
333
266
195
301
104
363
110
437
174
141
265
451
382
127
156
74
79
184
302
74
209
318
263
375
282
24
72
42
110
161
70
457
364
119
79
37
131
311
318
239
120
55
22
352
152
253
55
64
125
491
472
301
355
40
294
193
113
236
188
53
455
260
222
386
195
489
418
400
294
288
218
166
44
5
257
52
324
429
304
477
282
194
403
345
165
373
329
159
10
485
267
203
381
455
358
472
120
52
398
408
387
45
116
186
413
355
18
1
284
157
179
254
325
290
119
41
438
212
197
491
276
39
441
423
86
239
75
65
165
310
105
384
242
326
255
286
61
140
133
277
492
340
29
294
149
188
490
45
405
370
258
1
113
426
155
402
177
418
78
9
204
460
116
95
186
418
108
415
344
119
317
242
114
46
460
290
184
25
49
8
319
480
352
71
139
339
390
126
9
291
181
74
258
122
28
265
349
152
113
358
147
457
326
299
53
97
211
205
179
144
199
400
94
367
207
24
211
61
411
350
5
1
167
294
484
40
435
91
110
272
333
34
189
369
412
402
470
355
453
124
212
352
196
407
48
485
237
484
54
184
493
488
369
464
44
83
439
230
212
309
302
104
364
444
374
347
249
264
137
173
155
137
383
89
105
213
269
479
306
397
479
202
164
356
404
264
134
34
472
154
299
498
37
490
204
178
196
419
89
157
64
324
325
292
140
105
307
486
41
216
130
494
124
172
337
372
293
447
302
231
497
413
172
417
135
365
55
31
95
86
196
371
431
242
169
120
148
20
183
438
143
183
390
407
431
148
14
216
35
159
247
350
380
9
453
103
262
439
96
410
205
406
45
103
360
401
247
81
86
308
341
140
445
337
355
175
87
114
388
1
209
206
5
40
405
369
153
306
300
158
238
8
76
332
128
499
314
292
212
301
48
324
130
76
433
328
326
90
498
122
39
200
444
89
413
285
363
189
447
377
242
32
479
492
301
419
334
274
392
78
45
490
499
449
372
488
23
304
131
191
444
164
161
414
128
330
183
215
181
451
422
407
80
97
364
494
93
111
203
229
172
32
190
97
402
318
492
451
394
320
89
447
465
328
261
403
81
374
272
376
407
291
402
162
423
128
356
482
269
419
399
468
381
481
42
113
400
388
313
403
150
335
308
72
381
422
478
168
108
15
125
159
82
31
151
140
479
480
426
136
398
368
461
296
20
168
408
338
332
120
191
12
239
224
195
6
387
360
287
0
336
94
250
488
116
185
381
249
35
486
414
315
302
270
417
179
123
216
132
171
237
181
382
202
195
338
19
26
339
126
276
432
415
100
153
426
177
282
128
229
202
453
431
284
440
190
354
304
382
69
346
161
87
406
453
205
106
27
128
41
361
49
230
485
163
177
277
239
165
232
445
301
401
387
391
58
29
325
379
266
108
252
439
416
148
183
313
294
411
229
79
428
448
103
257
97
430
12
20
473
59
386
191
86
461
190
410
52
264
468
136
367
108
473
127
13
279
416
347
241
290
453
154
388
421
461
394
328
7
70
217
426
284
483
287
265
135
329
115
152
373
6
481
484
431
486
310
57
49
198
33
446
269
469
376
219
68
441
168
75
79
56
422
6
160
112
334
220
178
369
239
351
237
185
337
199
62
241
387
404
483
498
344
46
498
123
452
378
134
345
493
452
254
87
429
273
299
386
315
32
264
461
457
41
241
371
98
311
73
158
292
285
169
167
351
297
331
282
88
99
167
297
311
15
204
442
423
282
316
60
425
306
426
11
454
72
221
109
73
292
67
343
253
152
11
32
85
309
50
88
291
418
443
414
131
143
237
107
344
316
493
23
87
119
257
324
269
35
68
425
377
194
352
265
239
433
56
215
255
78
350
486
230
28
282
484
371
137
468
439
230
268
389
104
161
192
151
318
186
90
265
43
341
243
444
263
197
214
232
174
26
220
404
151
469
366
419
379
206
112
398
271
91
61
389
434
498
458
332
8
391
39
332
119
229
231
200
355
255
405
83
89
486
496
83
353
403
28
424
303
495
411
108
299
495
197
211
352
462
421
491
392
368
325
171
318
52
411
380
396
36
30
480
55
470
241
328
349
312
398
387
236
43
97
487
408
149
174
91
250
235
106
218
471
342
92
336
299
133
414
201
155
86
372
311
175
141
252
474
82
9
122
191
211
118
457
498
227
87
91
374
473
48
260
346
331
323
333
345
231
497
193
67
292
392
473
338
28
168
489
107
41
358
168
156
254
282
243
1
106
287
262
400
489
170
396
154
429
190
155
76
413
407
279
113
29
100
111
488
349
196
454
292
250
116
156
322
117
350
435
96
375
233
470
338
499
417
347
53
85
330
135
337
477
36
273
335
19
207
9
350
9
337
34
89
358
262
488
87
103
17
282
277
148
450
150
159
484
233
451
120
47
121
384
9
474
421
39
488
120
92
299
342
139
450
193
136
87
54
45
441
397
72
25
471
376
88
60
70
46
173
331
94
164
396
479
391
198
160
297
453
486
417
417
266
375
304
425
282
112
194
121
301
266
235
11
179
307
432
253
89
82
100
32
14
15
250
444
491
412
170
401
14
422
188
352
430
429
6
175
489
385
364
287
298
28
429
403
98
363
300
102
351
111
494
438
293
208
47
246
427
65
470
398
126
482
155
117
391
158
281
281
69
330
447
90
235
169
307
126
420
164
320
307
255
369
389
6
60
463
211
254
201
148
321
383
96
74
314
192
161
59
184
69
337
282
254
299
437
145
136
233
60
465
155
188
67
351
155
468
454
201
284
394
205
290
162
22
413
101
164
72
345
398
10
145
181
218
295
450
75
68
41
112
219
258
224
307
287
147
406
411
59
453
240
487
220
400
375
304
373
233
463
468
313
445
363
141
477
75
216
244
154
235
200
352
468
486
114
386
243
188
473
357
30
421
358
229
168
409
131
332
332
111
31
365
198
204
404
393
53
25
113
12
335
397
125
79
80
298
199
193
261
378
225
22
477
353
159
198
109
165
36
5
293
339
180
246
96
260
498
105
108
488
406
493
273
264
151
119
496
407
250
446
337
447
84
39
363
371
214
487
290
183
341
484
356
265
394
202
102
215
402
51
297
67
49
300
299
158
87
130
308
361
276
171
9
306
157
156
268
329
359
12
417
393
230
385
173
440
107
404
407
15
359
325
316
156
53
43
410
171
211
271
8
294
214
456
465
269
137
398
216
483
393
382
23
318
260
142
80
86
477
179
64
101
3
426
494
28
279
335
119
135